	preSwitchB/CD19pos	switchB/CD19pos	CD45pos/PBMC	transitionals/naiveB	BCells/CD45pos	IgApos/switchB	naiveB/CD19pos	exhaustedB/CD19pos	plasmablasts/switchB
9601528	0.0697	0.173	0.998	0.059	0.092	0.388	0.695	0.0625	0.0359
9601533	0.204	0.198	0.995	0.0641	0.0565	0.187	0.485	0.112	0.0218
9601646	0.0926	0.143	0.999	0.0733999999999999	0.0585	0.379	0.736	0.0281	0.0859
9601557	0.0759	0.124	0.994	0.127	0.03	0.349	0.759	0.0415	0.186
9601559	0.0569	0.157	0.999	0.0935	0.0352	0.385	0.703	0.0824	0.1669999999999999
9601562	0.12	0.124	0.998	0.131	0.0165	0.418	0.6829999999999999	0.0728	0.464
9601565	0.213	0.0872	0.993	0.115	0.0516	0.292	0.6679999999999999	0.0313	0.0283
9601581	0.0602	0.333	0.997	0.087	0.0582	0.357	0.56	0.0474	0.778
9601583	0.0552	0.105	0.997	0.0666	0.0688	0.462	0.7909999999999999	0.0488	0.0623
9601591	0.121	0.287	0.984	0.0182	0.115	0.064	0.523	0.0693	0.0328
9601598	0.18	0.135	0.999	0.0676	0.094	0.416	0.6559999999999999	0.0287	0.0435
9601599	0.0556	0.0902	0.999	0.0791	0.113	0.418	0.8190000000000001	0.0353	0.0401999999999999
9601618	0.0538	0.0382	0.999	0.0916	0.18	0.385	0.887	0.0213	0.15
9601628	0.0448	0.249	0.997	0.116	0.0664	0.434	0.609	0.0969	0.0551
9601695	0.193	0.145	0.99	0.0658	0.0489	0.346	0.623	0.0388	0.0959
9601710	0.102	0.148	0.982	0.0254	0.0704	0.42	0.693	0.0574	0.0448
9259786	0.136	0.257	0.998	0.0796	0.0613	0.345	0.551	0.0561	0.0337
9602900	0.0523	0.0518	0.997	0.0389	0.0647	0.361	0.865	0.0312	0.0297
9601725	0.134	0.1639999999999999	0.995	0.0409	0.0325	0.309	0.647	0.0557	0.135
9601734	0.117	0.24	0.997	0.0185	0.0478	0.487	0.537	0.106	0.064
9601736	0.0577	0.124	0.996	0.0325	0.0369	0.328	0.764	0.0538	0.105
9601749	0.0579	0.182	0.999	0.0816	0.101	0.459	0.715	0.0452	0.163
9601757	0.04	0.0776999999999999	0.998	0.0824	0.0554	0.369	0.855	0.0271	0.116
9601775	0.0806	0.0526	0.993	0.0452	0.1689999999999999	0.368	0.85	0.0165	0.0361
9601777	0.119	0.237	0.996	0.0678	0.0788	0.3229999999999999	0.541	0.102	0.0417
9601794	0.106	0.142	0.998	0.0552	0.0694	0.328	0.7	0.0526	0.0547
9601828	0.147	0.1689999999999999	0.975	0.0478	0.0637	0.387	0.65	0.0332	0.0519
9601831	0.106	0.207	0.994	0.0295	0.0831	0.412	0.6459999999999999	0.0401999999999999	0.0286
9601836	0.1639999999999999	0.16	0.993	0.0585	0.104	0.223	0.609	0.067	0.0536
9601937	0.116	0.138	0.996	0.0148	0.0498	0.356	0.6759999999999999	0.0708	0.0374
9601941	0.13	0.0868	0.997	0.129	0.0793	0.083	0.144	0.639	0.0599
9601955	0.306	0.107	0.997	0.0665	0.0809	0.306	0.555	0.0321	0.0679
9601957	0.112	0.0706	0.995	0.0523	0.0776999999999999	0.283	0.759	0.0585	0.0347
9601958	0.234	0.22	0.996	0.064	0.0336	0.411	0.465	0.0819	0.0616
9601965	0.16	0.274	0.993	0.128	0.0567	0.293	0.469	0.0973	0.0091
9601966	0.21	0.189	0.995	0.107	0.0801	0.0739	0.574	0.0277	0.0095
9601969	0.144	0.175	0.996	0.0737	0.124	0.354	0.631	0.0507	0.0141
9601974	0.0932	0.0345	0.996	0.125	0.24	0.0543	0.852	0.0205	0.0264
9601978	0.135	0.0833	0.996	0.105	0.0779	0.0713	0.7559999999999999	0.0253	0.0357
9601985	0.0635	0.252	0.996	0.0834999999999999	0.0358	0.514	0.611	0.0729	0.316
9601987	0.17	0.171	0.996	0.0907	0.0469	0.473	0.607	0.0515	0.0689
9601988	0.1639999999999999	0.163	0.998	0.0625	0.0292	0.439	0.637	0.036	0.266
9601989	0.0841	0.147	0.991	0.0311	0.032	0.4370000000000001	0.72	0.0496	0.126
9601992	0.139	0.204	0.997	0.0489	0.0283	0.389	0.584	0.0727	0.127
9601993	0.0982	0.241	0.998	0.0437	0.0224	0.532	0.5760000000000001	0.0843999999999999	0.218
9601995	0.138	0.15	0.994	0.0353	0.0295	0.0533	0.591	0.121	0.0888
9259764	0.0669	0.0733999999999999	0.996	0.0943	0.0561	0.438	0.835	0.0249	0.0888
9259765	0.111	0.202	0.997	0.0414	0.0681	0.3229999999999999	0.644	0.0437	0.0813
9259772	0.262	0.214	0.998	0.0883999999999999	0.09	0.396	0.478	0.0458	0.0152
9259775	0.157	0.151	0.998	0.0932	0.0742999999999999	0.317	0.654	0.0385	0.0422
9259779	0.188	0.139	0.995	0.111	0.0326	0.313	0.632	0.0412	0.0624
9259826	0.0574	0.0838	0.995	0.0499	0.0715	0.429	0.816	0.0427	0.0919
9259837	0.123	0.0554	0.99	0.0376	0.0969	0.415	0.779	0.0423	0.0105
9259868	0.131	0.144	0.998	0.0342	0.0531	0.348	0.696	0.0287	0.0571
9259897	0.187	0.14	0.998	0.0213	0.0459	0.0608	0.624	0.0494	0.024
9259899	0.306	0.126	0.998	0.0383	0.0566	0.461	0.532	0.0358	0.0583
9259904	0.276	0.176	0.995	0.0301	0.0451	0.366	0.51	0.0376	0.0945
9259994	0.0953999999999999	0.155	0.997	0.102	0.0536	0.3670000000000001	0.6990000000000001	0.0502	0.0277
9536055	0.184	0.114	0.981	0.0147	0.0881	0.228	0.647	0.0551	0.0293
9536072	0.0707	0.0828	0.998	0.067	0.0589	0.245	0.7909999999999999	0.0556	0.2
9536094	0.24	0.133	0.92	0.0083	0.0429	0.0713999999999999	0.595	0.0322	0.0323
9536102	0.0642	0.102	0.995	0.102	0.0665	0.3	0.799	0.0347	0.0324
9602522	0.126	0.398	0.998	0.0905	0.0573	0.0828	0.424	0.0524	0.0127
9602531	0.252	0.138	0.991	0.04	0.0538	0.51	0.5720000000000001	0.0386	0.0053
9602547	0.101	0.325	0.998	0.0619	0.0495	0.466	0.54	0.0341	0.0755
9602548	0.103	0.102	0.995	0.0709	0.087	0.375	0.743	0.0522	0.109
9602558	0.163	0.0823	0.996	0.0363	0.0738	0.458	0.736	0.0181	0.0778
9602606	0.014	0.0165	0.997	0.16	0.101	0.0957	0.961	0.009	0.129
9602612	0.134	0.239	0.996	0.0406	0.0661	0.331	0.562	0.0658	0.028
9602623	0.115	0.219	0.997	0.0112	0.0542	0.0728	0.564	0.102	0.0389
9602641	0.116	0.129	0.996	0.0732	0.11	0.0756	0.6659999999999999	0.0881	0.0345
9602644	0.0810999999999999	0.0492	0.996	0.0851	0.0947	0.146	0.83	0.0398	0.0888
9602648	0.0476	0.0819	0.994	0.0275	0.0669	0.253	0.84	0.0307	0.128
9602653	0.0748	0.12	0.998	0.0491	0.0393	0.0883999999999999	0.746	0.0586	0.0433
9602655	0.126	0.142	0.998	0.0327	0.043	0.304	0.67	0.0622	0.0291
9602705	0.119	0.133	0.995	0.0596	0.0524	0.306	0.6890000000000001	0.0594	0.0474
9602706	0.148	0.11	0.994	0.036	0.073	0.339	0.715	0.0269	0.0429
9602711	0.106	0.162	0.999	0.104	0.0725	0.462	0.6629999999999999	0.0688	0.105
9602712	0.087	0.0888	0.998	0.118	0.075	0.314	0.795	0.0294	0.104
9602731	0.308	0.269	0.994	0.0593	0.0309	0.0618	0.374	0.0488	0.0289
9602738	0.083	0.128	0.997	0.0895	0.0532	0.482	0.7559999999999999	0.0331	0.0565
9602744	0.173	0.0982	0.973	0.0749	0.0213	0.4270000000000001	0.69	0.0389	0.0208
9602759	0.0964	0.0754	0.992	0.067	0.0511	0.266	0.8009999999999999	0.0269	0.0449
9602801	0.216	0.0956	0.995	0.0267	0.0751999999999999	0.232	0.654	0.035	0.171
9602877	0.179	0.212	0.998	0.0638	0.0503	0.298	0.564	0.0439	0.0258
9602880	0.0754	0.139	0.995	0.0163999999999999	0.0837	0.0712	0.708	0.0779	0.018
9602914	0.126	0.11	0.992	0.0614	0.0818	0.258	0.7140000000000001	0.05	0.0522
9602961	0.156	0.286	0.993	0.0091	0.0401999999999999	0.353	0.501	0.0573	0.0417
9602963	0.122	0.198	0.993	0.0286	0.0543	0.463	0.612	0.068	0.0159
9602968	0.107	0.186	0.979	0.0358	0.0713999999999999	0.33	0.609	0.098	0.0248
9602971	0.235	0.202	0.985	0.0479	0.129	0.41	0.472	0.0913	0.0039
9602992	0.248	0.102	0.991	0.0437	0.101	0.445	0.635	0.0151	0.0148
9602993	0.0608	0.0827	0.996	0.0785	0.0915	0.259	0.835	0.0214	0.07
9591043	0.123	0.095	0.997	0.0653	0.0364	0.293	0.715	0.0664	0.0626999999999999
9591050	0.193	0.124	0.992	0.0465	0.0531	0.34	0.633	0.0501	0.026
9591071	0.0751999999999999	0.0852	0.997	0.0518	0.0715	0.275	0.8	0.0398	0.0241
9591139	0.177	0.141	0.996	0.102	0.0582	0.386	0.635	0.0479	0.0363
9591210	0.0553	0.0523	0.998	0.0808	0.122	0.333	0.847	0.0456	0.112
9591288	0.168	0.215	0.949	0.0362	0.0532	0.359	0.556	0.0612	0.0403
9591295	0.0998	0.0951	0.997	0.052	0.0452	0.391	0.775	0.0297	0.084
9591324	0.103	0.1669999999999999	0.989	0.0207	0.044	0.417	0.675	0.0551	0.0759
9591327	0.24	0.159	0.989	0.0565	0.0355	0.338	0.529	0.0722	0.0474
9591343	0.121	0.237	0.997	0.0584	0.0187	0.352	0.5670000000000001	0.075	0.157
9591357	0.173	0.136	0.998	0.0324	0.0684999999999999	0.544	0.653	0.0382	0.0154
9591362	0.155	0.31	0.996	0.0447	0.0449	0.237	0.463	0.0726	0.0334
9591373	0.163	0.185	0.995	0.005	0.0637	0.429	0.564	0.0883999999999999	0.0321
9591384	0.0252	0.1639999999999999	0.998	0.0163	0.04	0.564	0.731	0.08	0.0797
9591391	0.0794	0.0906	0.992	0.055	0.104	0.439	0.8109999999999999	0.0193	0.0679
9591404	0.0953999999999999	0.151	0.997	0.0314	0.0466	0.354	0.691	0.0621	0.0827
9591424	0.0403	0.0841	0.997	0.0483	0.108	0.356	0.85	0.026	0.0886999999999999
9591430	0.193	0.328	0.995	0.0153	0.037	0.278	0.366	0.113	0.0258
9591431	0.0853999999999999	0.188	0.997	0.0401	0.0446	0.0731	0.69	0.0358	0.0166
9591443	0.105	0.0594	0.996	0.035	0.0832	0.516	0.813	0.023	0.0589
9591446	0.151	0.259	0.999	0.0356	0.0666	0.581	0.54	0.0499	0.0281
9591458	0.0235	0.0302	0.994	0.054	0.0713999999999999	0.268	0.921	0.0253	0.203
9591470	0.0403	0.059	0.994	0.0423	0.104	0.289	0.879	0.0216	0.0613
9591480	0.036	0.0633	0.994	0.0064	0.112	0.482	0.8440000000000001	0.0566	0.0335
9467516	0.176	0.13	0.988	0.0684	0.0425	0.489	0.629	0.0652	0.0836
9467537	0.0407	0.108	0.988	0.0531	0.0716	0.348	0.8140000000000001	0.0373	0.19
9467544	0.109	0.1	0.994	0.0662	0.118	0.29	0.743	0.0486	0.0371
9467545	0.154	0.0522	0.988	0.03	0.0908	0.4	0.768	0.0254	0.0513
9467546	0.242	0.113	0.988	0.0248	0.0938	0.441	0.628	0.0174	0.0137
9467564	0.0597	0.131	0.997	0.0626	0.049	0.359	0.778	0.0316	0.0587
9467636	0.0774	0.102	0.992	0.0516	0.0533	0.435	0.775	0.0456	0.032
9467637	0.0865	0.133	0.993	0.0287	0.0766	0.328	0.74	0.0406	0.0184
9467668	0.0933	0.0698	0.992	0.0259	0.104	0.455	0.809	0.0278	0.0185
9467674	0.0548	0.0359	0.995	0.0414	0.118	0.349	0.8740000000000001	0.0355	0.0305
9467689	0.0569	0.31	0.884	0.044	0.0575	0.122	0.516	0.117	0.012
9467707	0.0619	0.113	0.988	0.0333	0.0904	0.392	0.7959999999999999	0.0285	0.014
9467710	0.0616	0.0541	0.993	0.033	0.115	0.298	0.852	0.0324	0.0226
9467712	0.0911	0.0819	0.986	0.0303	0.091	0.396	0.79	0.037	0.0296
9467716	0.0727	0.121	0.995	0.0288	0.11	0.308	0.752	0.0549	0.0191
9467720	0.159	0.0815	0.988	0.0343	0.038	0.314	0.73	0.0292	0.0577
9467722	0.328	0.132	0.995	0.0779	0.0407	0.442	0.503	0.0365	0.062
9467764	0.0844999999999999	0.0759	0.993	0.0599	0.0764	0.448	0.8140000000000001	0.0252	0.079
9467809	0.0717	0.075	0.993	0.03	0.0749	0.4320000000000001	0.8190000000000001	0.0344	0.112
9467816	0.138	0.147	0.995	0.0398	0.0476999999999999	0.41	0.664	0.0509	0.0468
9467839	0.0649	0.121	0.997	0.0244	0.0639	0.42	0.7490000000000001	0.0649	0.0838
9467841	0.1369999999999999	0.0918	0.993	0.0408	0.0579	0.347	0.727	0.0442	0.0814
9467843	0.161	0.123	0.992	0.0728	0.136	0.318	0.682	0.0336	0.0222
9467854	0.158	0.0614	0.989	0.0876	0.0363	0.381	0.747	0.0334	0.0326
9467863	0.0918	0.149	0.981	0.0485	0.0863	0.0599	0.7090000000000001	0.0501	0.0225
9467879	0.0715	0.0859	0.922	0.054	0.0872	0.376	0.768	0.0745	0.0711
9467989	0.0428	0.131	0.994	0.0582	0.0507	0.402	0.7859999999999999	0.0399	0.141
9467992	0.0741	0.0769	0.995	0.0982	0.0609	0.298	0.7829999999999999	0.0657	0.1369999999999999
9536144	0.286	0.107	0.996	0.0304	0.0452	0.362	0.584	0.0232	0.0511
9536147	0.187	0.0768	0.996	0.0176	0.0491	0.061	0.679	0.0571	0.0417
9536148	0.0453	0.0738	0.998	0.0513	0.0334	0.206	0.769	0.112	0.0511
9536152	0.176	0.178	0.999	0.127	0.0877	0.402	0.611	0.0339	0.0158
9536154	0.145	0.0828999999999999	0.998	0.0934	0.109	0.421	0.746	0.0253	0.0438
9536160	0.0708	0.0455	0.998	0.0832	0.102	0.508	0.8540000000000001	0.0294	0.0742
9536165	0.0762999999999999	0.138	0.999	0.0199	0.0701	0.562	0.6509999999999999	0.134	0.177
9536170	0.0834	0.0871	0.995	0.0074	0.0828999999999999	0.444	0.755	0.0746	0.0472
9536171	0.0487	0.0997	0.997	0.0425	0.057	0.331	0.7140000000000001	0.138	0.0864
9536180	0.0536	0.0992	0.997	0.0406	0.0836	0.394	0.807	0.0397	0.0608
9536188	0.118	0.129	0.998	0.0587	0.0856	0.312	0.703	0.0505	0.0207
9536198	0.157	0.229	0.998	0.0195	0.0105	0.331	0.542	0.071	0.113
9536205	0.291	0.214	0.998	0.0061	0.0808	0.0657	0.458	0.0365	0.003
9536209	0.0973	0.105	0.997	0.0327	0.101	0.0664	0.746	0.0525	0.0498
9536214	0.114	0.105	0.976	0.0198	0.0981	0.431	0.738	0.0439	0.108
9536230	0.104	0.243	0.998	0.052	0.0751	0.353	0.568	0.0843	0.0238
9536231	0.116	0.1639999999999999	0.998	0.0788	0.112	0.29	0.675	0.0449	0.0171
9536239	0.0853999999999999	0.0776	0.998	0.0923	0.118	0.0702	0.809	0.0282	0.0883999999999999
9536256	0.101	0.0917	0.988	0.0566	0.0755	0.0784	0.7759999999999999	0.0319	0.0817
9536551	0.122	0.115	0.997	0.0977	0.0739	0.0306	0.7240000000000001	0.0388	0.0689
9536555	0.0902	0.106	0.998	0.0822	0.0825	0.382	0.76	0.0432	0.117
9536265	0.304	0.124	0.998	0.0556	0.0877	0.0601	0.53	0.0416	0.0626999999999999
9536273	0.209	0.114	0.998	0.0486	0.0411	0.426	0.629	0.0485	0.07
9536281	0.104	0.128	0.994	0.0527	0.0623	0.383	0.738	0.0294	0.144
9536303	0.119	0.174	0.998	0.0276	0.0597	0.058	0.614	0.0935	0.0604
9536313	0.0728	0.103	0.998	0.0366	0.0681	0.3720000000000001	0.804	0.0206	0.094
9536319	0.136	0.165	0.998	0.0419	0.0547	0.396	0.643	0.0555	0.0401999999999999
9536325	0.109	0.0956	0.998	0.102	0.0779	0.369	0.764	0.0313	0.0941
9536328	0.148	0.117	0.996	0.0618	0.099	0.0715	0.6809999999999999	0.054	0.0347
9536332	0.104	0.0424	0.998	0.0153	0.0653	0.276	0.831	0.0232	0.0189
9536341	0.0677	0.195	0.999	0.0297	0.0776	0.436	0.701	0.0356	0.0201
9536394	0.114	0.0649	0.999	0.0383	0.0571	0.0776	0.789	0.0321	0.0307
9536398	0.126	0.121	0.995	0.0109	0.041	0.384	0.715	0.038	0.0123
9536401	0.0886999999999999	0.0581	0.999	0.0438	0.112	0.0755	0.823	0.0302	0.0709
9536642	0.125	0.151	0.995	0.0955	0.125	0.0678	0.6659999999999999	0.0578	0.0552
9536423	0.17	0.238	0.993	0.0369	0.0705	0.313	0.484	0.108	0.063
9536442	0.271	0.196	0.997	0.0332	0.0479	0.0895	0.491	0.0416	0.0337
9536452	0.124	0.0838	0.998	0.0598	0.0853999999999999	0.262	0.7659999999999999	0.0261	0.341
9536453	0.245	0.177	0.998	0.0395	0.0532	0.0584	0.53	0.0484	0.0109
9536479	0.0642	0.0833	0.996	0.0602	0.0583	0.0666	0.809	0.0433	0.0222
9536485	0.0382	0.152	0.995	0.0622	0.049	0.382	0.774	0.0363	0.0551
9536496	0.0723	0.0975	0.996	0.0396	0.0905	0.476	0.7929999999999999	0.037	0.232
9581613	0.0894	0.1669999999999999	0.997	0.0643	0.0417	0.0729	0.7040000000000001	0.0389	0.0497
9581615	0.0923	0.159	0.996	0.0296	0.0593	0.375	0.6779999999999999	0.071	0.0546
9581618	0.0666	0.207	0.991	0.0323	0.0378	0.382	0.6729999999999999	0.0531	0.0783
9581619	0.0762999999999999	0.196	0.991	0.0535	0.0367	0.501	0.629	0.0988	0.233
9581626	0.153	0.233	0.998	0.0906	0.0455	0.0591	0.5770000000000001	0.0368	0.0376
9581648	0.0729	0.154	0.996	0.0409	0.0922	0.0579	0.735	0.0376	0.0463
9581649	0.0747	0.0946	0.992	0.02	0.056	0.0667	0.758	0.0731	0.0199
9581651	0.293	0.159	0.996	0.0434	0.0996	0.0523	0.518	0.0309	0.0177
9581662	0.0767	0.152	0.998	0.031	0.0425	0.398	0.7120000000000001	0.0597	0.191
9581693	0.182	0.119	0.973	0.0096	0.0574	0.479	0.655	0.0437	0.027
9581711	0.217	0.174	0.999	0.0163999999999999	0.053	0.172	0.5529999999999999	0.0558	0.111
9581714	0.246	0.13	0.999	0.0358	0.0831	0.0695	0.58	0.0445	0.0529
9581716	0.0235	0.146	0.999	0.0572	0.0355	0.491	0.802	0.0284	0.283
9581724	0.155	0.186	0.993	0.0385	0.0284	0.305	0.595	0.0639	0.144
9581738	0.105	0.101	0.993	0.0578	0.0522	0.393	0.747	0.0467	0.0427
9581764	0.161	0.172	0.997	0.0644	0.0474	0.0544	0.598	0.0696	0.0153
9581769	0.15	0.1369999999999999	0.998	0.0261	0.0316	0.38	0.667	0.0467	0.0629
9581772	0.147	0.208	0.999	0.0346	0.0764	0.0706	0.617	0.0274	0.025
9581774	0.335	0.0629	0.996	0.0221	0.0456	0.429	0.589	0.0136	0.0134
9581785	0.0744	0.0963	0.996	0.0554	0.0437	0.38	0.8009999999999999	0.028	0.085
9581790	0.152	0.0971	0.996	0.051	0.113	0.401	0.733	0.0181	0.033
9581817	0.113	0.171	0.991	0.0451	0.0493	0.369	0.677	0.0388	0.099
9581827	0.113	0.174	0.998	0.0519	0.0595	0.407	0.6779999999999999	0.0349	0.112
9581844	0.106	0.101	0.998	0.0241	0.0386	0.465	0.757	0.0365	0.0758
9581874	0.0646	0.0701	0.996	0.0462	0.0818	0.415	0.846	0.0192	0.121
9581875	0.138	0.178	0.998	0.0764	0.037	0.4320000000000001	0.659	0.0246	0.136
9581882	0.0904	0.134	0.997	0.0422	0.025	0.443	0.698	0.0771	0.165
9581889	0.177	0.122	0.996	0.0417	0.0415	0.0621	0.667	0.0338	0.0311
9581890	0.109	0.185	0.999	0.064	0.0636	0.399	0.669	0.0379	0.1639999999999999
9581898	0.11	0.141	0.998	0.0724	0.0751999999999999	0.291	0.705	0.0434	0.035
9179031	0.253	0.222	0.998	0.0252	0.0509	0.299	0.478	0.0471	0.0881
9179033	0.31	0.224	0.998	0.02	0.0569	0.36	0.43	0.036	0.11
9536812	0.231	0.22	0.992	0.0218	0.0298	0.455	0.499	0.0501	0.0306
9179052	0.0565	0.107	0.998	0.0127	0.0776	0.449	0.78	0.0564	0.0846
9179053	0.171	0.192	0.996	0.0457	0.0205	0.386	0.562	0.0754	0.175
9179069	0.134	0.234	0.998	0.0158	0.0415	0.4920000000000001	0.5589999999999999	0.0733	0.0234
9179075	0.165	0.161	0.998	0.0336	0.0857	0.36	0.621	0.0519	0.0349
9179076	0.1369999999999999	0.185	0.998	0.0372	0.0505	0.317	0.644	0.0339	0.073
9179086	0.146	0.15	0.998	0.0356	0.0503	0.351	0.67	0.0333	0.0667
9179092	0.261	0.276	0.995	0.0409	0.02	0.439	0.426	0.0371	0.282
9179105	0.278	0.163	0.993	0.0367	0.0602	0.536	0.521	0.0376	0.0496
9179106	0.105	0.18	0.997	0.0476	0.0856	0.325	0.6459999999999999	0.0696	0.0376
9179114	0.181	0.136	0.992	0.0266	0.0997	0.364	0.6459999999999999	0.0366	0.0337
9179124	0.177	0.156	0.995	0.0273	0.051	0.0666	0.636	0.0309	0.0269
9179129	0.126	0.123	0.998	0.0181	0.054	0.393	0.701	0.0495	0.0224
9581937	0.0689	0.128	0.996	0.0223	0.0548	0.545	0.767	0.037	0.187
9581943	0.0831	0.187	0.999	0.0597	0.0776999999999999	0.395	0.6579999999999999	0.0718	0.165
9581944	0.0572	0.263	0.996	0.0272	0.0681	0.269	0.5660000000000001	0.114	0.0648
9581945	0.126	0.212	0.999	0.0066	0.0592	0.0093	0.581	0.0813	0.0745
9581946	0.0809	0.203	0.998	0.0268	0.109	0.292	0.677	0.039	0.527
9581952	0.124	0.135	0.998	0.0198	0.0474	0.385	0.7020000000000001	0.0392	0.109
9581957	0.185	0.16	0.996	0.0263	0.0652	0.0633	0.5870000000000001	0.0677	0.0398
9581959	0.212	0.282	0.995	0.0261	0.0584	0.297	0.453	0.053	0.0559
9581962	0.105	0.163	0.993	0.021	0.0635	0.0898	0.6890000000000001	0.0438	0.0604
9581973	0.0626	0.134	0.996	0.0365	0.127	0.762	0.727	0.0765	0.0309
9581978	0.139	0.143	0.998	0.0422	0.074	0.038	0.6409999999999999	0.0766	0.0561
9591423	0.353	0.14	0.998	0.0161	0.0593	0.0486	0.471	0.0358	0.0343
9467619	0.161	0.0966	0.995	0.0464	0.0737	0.335	0.701	0.0418	0.0443
9467727	0.0977	0.126	0.995	0.0288	0.0748	0.247	0.7290000000000001	0.0478	0.0299
9467729	0.0339	0.0686	0.995	0.0525	0.0995	0.35	0.8740000000000001	0.024	0.0357
9536224	0.0724	0.147	0.996	0.023	0.089	0.393	0.687	0.0937	0.0396
9536225	0.0755	0.157	0.998	0.0256	0.0587	0.0816	0.73	0.0376	0.026
9536347	0.245	0.292	0.984	0.0079	0.049	0.429	0.386	0.0779	0.115
9581599	0.1	0.144	0.99	0.0678	0.0581	0.059	0.7040000000000001	0.0516	0.0333
9581694	0.0597	0.116	0.996	0.0318	0.0439	0.454	0.7979999999999999	0.0265	0.158
9581697	0.058	0.0577	0.998	0.0497	0.0711	0.361	0.851	0.0331	0.213
9581796	0.394	0.157	0.997	0.0395	0.0657	0.512	0.419	0.0302	0.0512
9581861	0.0546	0.0718	0.998	0.0341	0.0933	0.344	0.8059999999999999	0.0674	0.0803
9581864	0.0886	0.0802	0.994	0.0267	0.046	0.4320000000000001	0.79	0.041	0.0359
9581865	0.0746	0.122	0.999	0.0316	0.0595	0.4970000000000001	0.622	0.181	0.0215
9179038	0.253	0.1669999999999999	0.999	0.0395	0.0917	0.351	0.521	0.0597	0.0205
9179102	0.162	0.124	0.995	0.0443	0.0762	0.418	0.6809999999999999	0.0326	0.0976
