Sample ID	Tregs/CD4pos	RATIO_CD4neg_naive/memoryCD4neg	secretingTreg/Tregs	restingTreg/Tregs	activatedTreg/Tregs	RATIO_CD4pos_naive/memoryCD4pos	memoryCD4neg/CD4neg	memoryCD4pos/CD4pos	CD4pos/PBMC	CD4neg/PBMC	RatioCD4pos/CD4neg	CD194posTregs/Tregs	naiveCD4neg/CD4neg	naiveCD4pos/CD4pos
9601528	0.040504427463273	1.8462634231865	0.4939372325249643	0.1754636233951498	0.2902995720399429	1.6490866356026557	0.3063546946859579	0.3503112947260462	0.3473786154432869	0.1494801388972521	2.323911510960422	0.5634807417974322	0.5656114673201518	0.5776936744333858
9601533	0.0421931055997504	2.927190619553161	0.5526802218114603	0.3068391866913124	0.1291259572220755	1.810889401383736	0.2445318402851773	0.3333444748980547	0.4385046071466958	0.2521814326613967	1.738845729120251	0.4494322682862424	0.715791309064843	0.6036499766027141
9601646	0.0334725834844066	1.5766046790641872	0.6240188383045526	0.1864207221350078	0.1809262166405023	0.7136052963730323	0.3049539001902532	0.5516276503507528	0.4016292677264645	0.2884141547909862	1.392543538709205	0.6899529042386185	0.4807917459388263	0.3936444129161083
9601557	0.0350945857795172	1.701368034701368	0.530359355638166	0.3060718711276332	0.1437422552664188	0.7789473684210526	0.3572109654350417	0.5246792781039357	0.3159478435305918	0.1152773388659128	2.7407628128724677	0.5390334572490706	0.6077473182359953	0.4086975429441183
9601559	0.0401704515927869	4.428387925497752	0.4760672703751617	0.3842173350582147	0.1151358344113842	1.8803874092009685	0.169774288518155	0.3219352491815205	0.2791915733271429	0.1330596018803319	2.098244466252317	0.4980595084087968	0.7518264093337695	0.6053629891389076
9601562	0.0504979119820109	6.0187074829931975	0.6984732824427481	0.1679389312977099	0.1208651399491094	0.6039249701832375	0.1343539357934422	0.5925473819466752	0.24357610090451	0.1369753685330662	1.778247458014395	0.6501272264631043	0.8086370387295785	0.3578541599743013
9601565	0.045842650945314	1.282422646477946	0.565410199556541	0.3614190687361419	0.0665188470066518	0.528960106826907	0.3940848359060838	0.6089652368367554	0.2193876413264054	0.171910889101978	1.2761707095602544	0.5188470066518847	0.5053833181995071	0.3221183167310429
9601581	0.0507144326471193	0.8852945140854562	0.4960998439937597	0.3260530421216848	0.168798751950078	0.8720525104212032	0.5202299978963607	0.5086633859202178	0.4151224735116955	0.093676307336587	4.431456419605918	0.5544461778471139	0.4605567632003365	0.4435811826510752
9601583	0.1070882802398025	1.0221269296740996	0.6926454445664105	0.1223929747530186	0.1745334796926454	0.8152743000227635	0.475297570520137	0.5163982602562596	0.1397098069485387	0.1007217874709519	1.3870862546877547	0.7250274423710209	0.4858144464373063	0.4210062301633948
9601710	0.0541290770298403	1.6774323778764637	0.6061253561253561	0.2528490028490028	0.1292735042735042	0.4756296055162617	0.3430629133340258	0.6513802143573136	0.3832871550482101	0.2133880084229192	1.7961981925833592	0.5359686609686609	0.5754648384751221	0.3098157143958671
9259786	0.0493339608356694	0.8951496138996139	0.5089174616341767	0.3081708834508502	0.1613438407299875	0.4207841670350596	0.5014065761214798	0.6017269955597389	0.335426704553254	0.2269008497028099	1.4782963792008228	0.5035255080879303	0.44883390302187	0.2531971926091138
9602900	0.0445805978061411	1.3243119266055046	0.5767207866453236	0.2899611250857535	0.1230276697919048	0.3530692821107385	0.374577597892285	0.6506748766464135	0.41128548727259	0.2196175278091077	1.872735256495924	0.3148868053967528	0.496057580327994	0.2297333115850426
9601725	0.0412430600620088	1.9397909842458276	0.6655011655011654	0.173076923076923	0.1509324009324009	0.7039882596685083	0.3196549660949342	0.5568293796716899	0.320816402063366	0.1546445011604506	2.07454128440367	0.6258741258741258	0.620063821300359	0.392001345927368
9601734	0.0323447266923793	2.890858815875081	0.7393092105263158	0.1282894736842105	0.125	0.5917320869446839	0.2309975577681758	0.5861683734539167	0.3115831523811102	0.2205821412587644	1.4125493142964494	0.6866776315789473	0.6677813263197445	0.346854634924857
9601736	0.0281327989109884	1.713419073040524	0.6063748079877113	0.2953149001536098	0.0887096774193548	2.428129163727565	0.3250512699163906	0.2756884649042253	0.4833977438897012	0.1324211405890954	3.650457485407793	0.5695084485407066	0.5569490455907872	0.6694072017372328
9601749	0.0635894125242091	2.3202564659856555	0.5279187817258884	0.2861098292570374	0.1675126903553299	0.8479455936525928	0.2880936727090573	0.5177827337285051	0.2723734164568597	0.2552931303201055	1.0669046053661435	0.3368712505768343	0.6684512069127454	0.4390515875344797
9601757	0.0320435701511949	1.2157275953859803	0.6057838660578386	0.3404363267376966	0.0466768138001014	0.865368891125228	0.4190369957241123	0.516956592423996	0.3540999838809957	0.2477260690353927	1.429401375720394	0.3465246067985794	0.5094348391894404	0.4473581531458299
9601775	0.042065737018841	1.2981476782542505	0.5988989382618954	0.2866692882422336	0.1049941014549744	1.7673579801623085	0.4061351379203737	0.3302069376209617	0.4020951810835079	0.1936279889587282	2.076637697090447	0.5395202516712544	0.5272233863488028	0.5835938663093643
9601794	0.0277908514310047	2.675541401273885	0.4991935483870968	0.3806451612903225	0.1104838709677419	0.9983112862369828	0.2504786215698787	0.4777785248436764	0.3943802646349116	0.2770092896223163	1.4237077217613274	0.4064516129032258	0.6701659221442247	0.4769716936730989
9601828	0.0363146906933304	1.7607826635808963	0.4886535552193646	0.4251134644478063	0.075642965204236	1.019619292304099	0.3476956839795171	0.4704428084825843	0.3395832167310311	0.2550325553627731	1.331528895391368	0.4871406959152798	0.6122165325530359	0.4796725634545654
9601831	0.04852890088453	0.3967698519515478	0.6574889867841409	0.2053964757709251	0.1205947136563876	0.3852273179268923	0.662643438967834	0.6718420138424949	0.3531682364710545	0.3174654108231563	1.1124620964385517	0.5633259911894273	0.262916939175932	0.2588118970631463
9259764	0.0303404378435721	2.378063359234907	0.5778766687857597	0.2778130959949141	0.1360457724094087	1.18061615172291	0.2737014314928425	0.4332529655704504	0.4197160066060036	0.1979372429649299	2.120449897750511	0.6090273363000636	0.650879345603272	0.5115054489343235
9259765	0.0371098618073056	1.622409245069715	0.608955223880597	0.2716417910447761	0.1141791044776119	0.6994950732879063	0.3602099452513461	0.5649284111994239	0.4190875221968176	0.2565081649470178	1.6338174743224287	0.6156716417910447	0.5844079453418397	0.3951646403943615
9259767	0.0494754971034914	1.7731076454925827	0.5221518987341772	0.3066104078762307	0.1550632911392405	0.5645087367516471	0.3388104903666473	0.6073099873005933	0.3608746421576013	0.3897092059665512	0.9260100521940848	0.5580168776371308	0.6007474708421935	0.3428317937477167
9259772	0.0338842975206611	1.470526864893062	0.5955284552845529	0.2777777777777778	0.1165311653116531	0.7375244410439513	0.3720524017467249	0.5400826446280992	0.4644665991363224	0.2197579570293757	2.11353711790393	0.6165311653116531	0.5471130519165454	0.3983241505968778
9259775	0.0374291922579348	1.45440329218107	0.4144295302013422	0.4385906040268456	0.1221476510067114	1.606331367142508	0.3844450069611441	0.3598603313362724	0.4549646849070836	0.1805984136780269	2.5192064295658776	0.4171140939597315	0.5591380837868625	0.5780549380157504
9259779	0.0331135136401438	6.108622147083685	0.441811107180757	0.328970640254687	0.2094092677750265	2.8026744790436138	0.1348148148148148	0.2478886767479179	0.5805554422185047	0.1193439144803949	4.864558404558404	0.5214007782101168	0.8235327635327635	0.6947512679652817
9259826	0.044611411129373	1.6956222782489112	0.5162280701754386	0.2820175438596491	0.1855263157894736	1.0436487854251013	0.3482876985710864	0.4639586757454801	0.3814713082940228	0.1870036424434227	2.039913786221761	0.4921052631578947	0.5905643809371757	0.4842099084292087
9259837	0.0569480457120906	38.62188099808061	0.0899381675098369	0.8771781899943789	0.0118043844856661	2.110105082281409	0.0222231701074901	0.2421812477992253	0.3925360474978795	0.1472936889391512	2.6649889097423647	0.3136593591905565	0.8583006312915885	0.5110278818143986
9259868	0.0377316017316017	3.190785832872164	0.6204681046351538	0.2579164754474529	0.1156493804497476	0.6507168125116366	0.2228594332932507	0.558025974025974	0.3362484570417123	0.1888406269650883	1.780593839607807	0.4203763194125746	0.7110967224740233	0.3631168831168831
9259897	0.0308422125999379	0.8671134735382482	0.6756109247724006	0.1590800191662673	0.1552467656923814	0.9154657554598128	0.4926562677900489	0.4973620819601874	0.4034209129986347	0.2618149082172262	1.5408630308550608	0.5903210349784379	0.4271888876238187	0.4553179540987482
9259899	0.0326738209996538	1.621311475409836	0.5998370008149959	0.2004889975550122	0.1882640586797066	0.6668844807467912	0.3531932140582479	0.5705269885228876	0.3511628124444776	0.1615032869205808	2.174338486480227	0.534637326813366	0.57263621098952	0.3804755944931164
9259994	0.039458049558035	5.295375157188766	0.4160852001468968	0.4557473374954094	0.1204553800954829	1.551228952970776	0.1499319157850633	0.3743660339081293	0.3374407119456261	0.2334115691164246	1.445689745469781	0.3459419757620272	0.7939457421179428	0.5807274308071294
9536055	0.0465612449799196	1.2532853285328531	0.5762803234501348	0.215633423180593	0.197843665768194	0.667933365737263	0.4077363476218438	0.56804718875502	0.2481299942078088	0.2545574579131919	0.9747504403992954	0.537466307277628	0.5110099823840282	0.3794176706827309
9536072	0.0437287931415262	2.954891231816362	0.5289256198347108	0.2966023875114784	0.160238751147842	1.2370794559770937	0.2349344704333103	0.4207239946192302	0.2817982766327009	0.1804500217825479	1.561641688091804	0.3732782369146005	0.694205806734809	0.5204690103800671
9536094	0.0528970803742531	2.6978125	0.3542887586574321	0.4789557805007991	0.1390516782099094	1.3342275416150775	0.2166700521362313	0.4097057828880622	0.4716108452950558	0.1962918660287081	2.402600040625635	0.3835908364411294	0.5845351750287765	0.54664073948822
9536102	0.0485599356395816	1.9188714586747837	0.4824387011265739	0.2597746852220013	0.2412193505632869	1.089396503102087	0.3259683266552184	0.4564440868865647	0.369281045751634	0.3114081996434937	1.1858423964892195	0.588469184890656	0.6254913184506774	0.4972485921158487
9602522	0.0336199496193304	1.2846002067086348	0.5876935956467141	0.185851820845542	0.2172457095018836	0.5272912193468189	0.4124554332661603	0.6226515993751671	0.4762412203099029	0.1729397887512734	2.753797860796776	0.6161573880284638	0.529840334831809	0.3283187210627788
9602531	0.0302384220722957	3.529718309859155	0.4839021249195106	0.3721828718609143	0.1355441081777205	1.7304391721352852	0.2014927490989584	0.3471479891351967	0.4997275549025522	0.1714312124779854	2.9150324942532	0.4285254346426271	0.7112126457984504	0.6007184789275388
9602547	0.0360292333000728	2.958145970252508	0.4842814371257485	0.2896706586826347	0.2110778443113772	1.287304257797334	0.2383248835579737	0.4167633019605728	0.3557305806847725	0.2327439825784975	1.528420098099831	0.531437125748503	0.704999793907918	0.5365011731075213
9602548	0.0564015401158555	1.3636080870917573	0.531980319803198	0.2054120541205412	0.2466174661746617	0.6143856143856143	0.3880975374215354	0.5902736827500087	0.3052593682828433	0.1754322804714054	1.7400410429744084	0.6445264452644527	0.5292129406084017	0.3626556592320233
9602552	0.0511679475107074	1.245707852518998	0.5381418818640546	0.1947165330958741	0.2561590976550905	0.8273026315789473	0.4208219827075684	0.5171167339995747	0.3946841543681289	0.1012216614115644	3.899206443207391	0.6360937963787474	0.5242212483714319	0.4278120348713587
9602558	0.0278670953912111	3.3513757329724854	0.1900452488687782	0.746606334841629	0.0520361990950226	1.6433354936271334	0.1615889212827988	0.2918479288821638	0.2293012967862254	0.1983490190975987	1.1560495626822158	0.5972850678733032	0.5415451895043731	0.4796040602736271
9602623	0.0292466312780726	1.4679778113968731	0.5584642233856894	0.3298429319371728	0.1082024432809773	1.3666034155597724	0.3851607264251724	0.4034810126582278	0.4104669921015692	0.2157298191950724	1.9026901039137611	0.4816753926701571	0.5654074002136544	0.5513985300122499
9602644	0.0403651493510526	0.8363410390256028	0.4907692307692308	0.3169230769230769	0.1861538461538461	1.2244600825042466	0.4981796567352701	0.4265250781427891	0.2656705419109317	0.2220492966266677	1.1964484731406493	0.4835897435897436	0.4166480917353939	0.5222629323728498
9602648	0.0544655228450709	2.416543026706232	0.535175879396985	0.2795226130653266	0.1721105527638191	0.965501314574007	0.2725159203477206	0.4814656425871123	0.4942759063852814	0.0836461715367965	5.909127666026484	0.5753768844221105	0.658546446982715	0.4648557108400759
9602653	0.0395197403156104	1.8975044563279857	0.5170707570509648	0.2944087085601187	0.1766452251360712	1.0377270806928602	0.2899974153528043	0.4628561371947046	0.4122284470597718	0.1247511184555237	3.3044068234685966	0.4819396338446313	0.5502713879555441	0.4803183480318348
9602655	0.0450154559505409	1.272993477971516	0.4896605540382364	0.3390557939914163	0.1607491221225127	1.2360907299484298	0.373428102788409	0.4189089504004496	0.3526649942704946	0.1246182910588745	2.829961727720065	0.4416699180647678	0.4753715393409215	0.5178094702824224
9602706	0.0357726301679721	3.442175408426483	0.5351288056206089	0.2939110070257611	0.15807962529274	0.3509764988293868	0.2157499304331694	0.7067188874460688	0.4065011578803977	0.1835751260046315	2.214358593822465	0.5357142857142857	0.7426491049067805	0.2480417207724207
9602731	0.0364038168331249	1.1109494361586032	0.5435294117647059	0.2291764705882353	0.2145882352941176	0.5308109923322326	0.433787792716026	0.6121665838658283	0.4738414332215827	0.2572103481585505	1.8422331629110649	0.552	0.4819163037303541	0.3249447518544532
9602744	0.0413928479986344	1.7816669057524028	0.6824742268041237	0.1381443298969072	0.168041237113402	0.2079426662355857	0.3294423440453686	0.7919262609883075	0.289123032127523	0.2610669693530079	1.1074669187145558	0.5639175257731959	0.5869565217391305	0.164675258171887
9602759	0.0588186147547831	1.126536098310292	0.4701704545454545	0.3276515151515151	0.1917613636363636	0.6847454266025482	0.4494304452882292	0.5617567605202328	0.4542372452529444	0.146592619767486	3.0986365205384883	0.5269886363636364	0.5062996202968588	0.3846603726292923
9602801	0.0444878893249958	8.000356951633053	0.548809124454881	0.2599798725259979	0.1757799396175779	1.0993786788750817	0.1055139166133102	0.4563702299759726	0.3251740955523742	0.2576953873777691	1.2618545440849684	0.4300570278430057	0.8441489962713269	0.501723700508902
9602877	0.0359762724144176	3.554798613601052	0.6758967904342353	0.1780994336060415	0.1340465701699182	0.4664119359534207	0.2033243420573011	0.6221698967578337	0.295580480231282	0.2753901544556575	1.073315350781269	0.4197608558842039	0.7227770892566402	0.2901874660387611
9602961	0.0472893896415607	1.4910683809307088	0.7202181208053692	0.1149328859060402	0.1526845637583892	0.7682057407338285	0.3577272172249582	0.5314303850197369	0.3002400109583167	0.2926466121530114	1.0259473320037449	0.6455536912751678	0.5333957426024665	0.4082478725725507
9602963	0.0673043478260869	1.0837714686295128	0.58656330749354	0.1447028423772609	0.2565522332964193	1.070006276031266	0.4554234176710032	0.4354534161490683	0.3569116721200996	0.1110992879501299	3.212546891212387	0.6559616094499815	0.4935749062175752	0.4659378881987577
9602965	0.0457545202522018	2.786514719848053	0.6493297587131367	0.195710455764075	0.1463806970509383	0.8245555502597588	0.2445993031358885	0.5147322195235642	0.2826757838235192	0.1492749502416832	1.8936585365853655	0.5222520107238606	0.6815795586527293	0.4244253085056794
9602968	0.0426081487803782	1.247008340384383	0.6309963099630996	0.1576172904586188	0.2029520295202952	0.4224146783966042	0.4315709851587156	0.6561475225731099	0.2465855090443856	0.2123409063216544	1.1612718119930097	0.5761729045861887	0.5381726179608232	0.2771663447284488
9602971	0.054993410618955	0.7039235412474849	0.6868399675060926	0.2051177904142973	0.1003249390739236	0.3394144428986974	0.5480207299592017	0.70647099555496	0.2750141288055631	0.2228419785242155	1.2341217333774397	0.4865962632006498	0.3857646929099129	0.2397864593803748
9602992	0.0590814124738843	1.1496844003606852	0.635072463768116	0.2115942028985507	0.1414492753623188	0.6969563160384797	0.4465472115965371	0.5429496181114498	0.3101197588889774	0.2374093842109456	1.3062657987159698	0.5240579710144928	0.5133883631971009	0.3784121656334555
9602993	0.0687088217677761	1.3625331287487794	0.5760896637608967	0.2333748443337484	0.1760896637608966	0.4768042624185996	0.3880588935801667	0.6359544793360143	0.3979555700840382	0.125812119478609	3.163094078163906	0.6567870485678705	0.5287430984085743	0.3032258064516129
9591043	0.0267189384800965	3.3141691394658754	0.5507900677200903	0.2987208427389014	0.1414597441685477	2.446135570569456	0.2094305911597918	0.2707880981101729	0.2746503371009867	0.2132432924910134	1.2879670628447135	0.4951091045899172	0.6940884020818768	0.6623843988741456
9591050	0.0449099698731871	2.6078132927448	0.7020280811232449	0.1586063442537701	0.1326053042121684	0.7198825988348824	0.2537250989605123	0.5251640626824541	0.2258814964866747	0.1639182545209005	1.3780130660058572	0.4898595943837753	0.6616676857722138	0.37805647025853
9591071	0.0367777945391461	4.483265720081136	0.5783429040196882	0.2957342083675143	0.1144380639868744	0.7610664133242289	0.166525924674886	0.5081158545783678	0.3328930915518774	0.2973389644107205	1.1195743962168552	0.4097621000820344	0.7465799695997297	0.3867099109971338
9591277	0.0624221230756863	1.041253051261188	0.6899549259497746	0.1052801030264005	0.1931745009658725	0.2986941731592231	0.4320314971701761	0.7325857148599221	0.3313930255481258	0.1894597330633774	1.7491475375259251	0.7350289761751448	0.4498541146693852	0.2188190843683427
9591295	0.0306846805587359	1.4458293384467882	0.5629664179104478	0.3087686567164179	0.1194029850746268	2.720604222692682	0.3670873347076273	0.2501288069613007	0.3846094567072163	0.2189574503220124	1.7565488460958318	0.4925373134328358	0.5307456382925235	0.6805014884359972
9591324	0.0314766565734807	4.153294691885296	0.6085011185682326	0.2945563012677106	0.0902311707680835	0.7868705035971223	0.1710811304506667	0.5220289650963548	0.3366522058649219	0.302815510197631	1.1117402990527387	0.4399701715137957	0.71055035098249	0.4107691946576532
9591327	0.0484661986729493	2.8391478029294275	0.4834656084656085	0.3988095238095238	0.1097883597883597	0.7712945925090521	0.2357335677066984	0.5400198737058051	0.3261749176642793	0.1665429452663495	1.9585033586540272	0.4312169312169312	0.6692824408311884	0.4165144084367086
9591343	0.0280148944391751	3.731626964014192	0.70282131661442	0.1586206896551724	0.1241379310344827	0.6768025800506796	0.1871738924200739	0.5337232585098535	0.4211593087939401	0.311900816664694	1.3502988331277868	0.5404388714733542	0.6984631439142396	0.3612252783925246
9591357	0.0429408809244682	2.32283356258597	0.5975039001560063	0.2055382215288611	0.18798751950078	0.7735524555704185	0.2721725131968103	0.5258415675766204	0.3715364847459103	0.1662051757502597	2.2354086331473924	0.5331513260530422	0.6322114484669238	0.4067660358398928
9591373	0.0565112151040826	2.732267864218729	0.4928612221587664	0.355225585379783	0.145631067961165	0.6362694896726311	0.2353873896281557	0.5609488462159109	0.2738860259345361	0.2843075726370314	0.9633441114289268	0.4094802969731582	0.6431414003233429	0.3569146361142488
9591384	0.0505542363793537	1.551750380517504	0.6365800865800866	0.1974025974025974	0.158008658008658	0.96875	0.3546558704453441	0.4706139822950748	0.4693348261057129	0.1141662729308325	4.110976158344579	0.558008658008658	0.5503373819163293	0.4559072953483537
9591404	0.0390873779612975	2.7704638687283056	0.4091316025067144	0.4919427036705461	0.0899731423455684	1.5520755770662695	0.2307714714321084	0.3759666864961332	0.3115083798882682	0.3742253713039923	0.8324084997305603	0.2658907788719785	0.6393440235359229	0.5835287119011793
9591430	0.0643992790992309	1.6773620798985416	0.6464394569132724	0.1346633416458852	0.2061512884455527	0.5081756973388907	0.2972779369627507	0.6122124872860941	0.3379628512845254	0.1599565794234712	2.112841200422259	0.5253532834580216	0.498642738651787	0.3111115076461876
9591443	0.0457115747092538	1.1606910644621955	0.5767180925666199	0.2709677419354839	0.1408134642356241	0.573008038966357	0.3988983302045252	0.5949428765595148	0.3935797086090041	0.2043067730491085	1.926415373974904	0.4605890603085554	0.4629977274972828	0.340907050994371
9591446	0.058591421691343	0.8573937478047067	0.5379450661241099	0.2012207527975585	0.2402848423194303	0.4266355659224702	0.4506600816791718	0.6439453544095558	0.4100040078593143	0.1543856733692411	2.655712793237724	0.4819938962360122	0.3863931364168804	0.2747299907016665
9467516	0.0447490242352727	5.559454191033138	0.5872210953346856	0.2606490872210953	0.1348884381338742	0.4621948504860132	0.1392281387396189	0.6116456385585912	0.2051926766124676	0.1715650667709672	1.1960049937578028	0.4401622718052738	0.7740324594257179	0.2826994644640102
9467537	0.0400806280500742	0.8396130815292492	0.6754896770778189	0.0979354155637903	0.2122816304923239	0.3633731789316399	0.4816310231608838	0.6816040738383196	0.2903416581447211	0.1388440545568793	2.091134972047209	0.5664372683959767	0.4043837075161948	0.2476766390833863
9467544	0.0538594802694899	1.444708882277943	0.6129378127233739	0.2058613295210865	0.1726233023588277	0.5692738921516284	0.3895566371974437	0.5768623676612127	0.3471526135011961	0.2018162864359889	1.7201417171616833	0.4142244460328806	0.5627959339094732	0.3283926852743022
9467545	0.0352286541425939	3.9240416887475713	0.6339381003201707	0.1945926716471006	0.1618641053006047	0.6683696187105997	0.1881981382978723	0.5347712205331294	0.400621570192747	0.1510244862506464	2.6526928191489363	0.5407328352899324	0.738497340425532	0.3574248367651297
9467546	0.059770647515348	1.0799413274660798	0.5581395348837209	0.2393410852713178	0.1902454780361757	0.6980550879329489	0.4083150329407067	0.5389976446967064	0.3210069347611876	0.1241687892365565	2.5852465561988422	0.4809431524547803	0.440956278698343	0.3762500482644118
9467564	0.057875386996904	0.8622626243396316	0.633901705115346	0.1624874623871615	0.1909060514877967	0.6737232799505121	0.4641366056241578	0.5630417956656347	0.2684270941001096	0.23512821445081	1.1416200932205265	0.624205951186894	0.4002076476175749	0.3793343653250774
9467636	0.0609336080445278	0.7697572549735353	0.6590966439565985	0.1483724451173353	0.1834468836739843	0.5143551572231505	0.4836474378779185	0.6073064977397828	0.3931118686685525	0.1369466405551123	2.870547733592267	0.6293212212969972	0.37229112415589	0.3123712291275869
9467637	0.0428991010769276	1.1324439905533925	0.6656293222683264	0.2147302904564315	0.1092669432918395	0.388986436065142	0.4126478257434087	0.6758536802444596	0.3513085349203206	0.1978540235755156	1.7755945953064505	0.4730290456431535	0.4673005504780467	0.2628979143798024
9467668	0.0501490729525761	2.359263947035342	0.7213190896423595	0.1049698095680446	0.1620993961913608	0.4239433054922804	0.2628265820517413	0.6442047889686016	0.2593796445099626	0.2361012095361229	1.0985951534072007	0.6014862981885741	0.6200772793571995	0.2731063076493059
9467674	0.0290507921397973	1.215580448065173	0.7156231714452896	0.1860737273259216	0.0906963136337039	0.7094168453102184	0.4137349905203286	0.5471374175562658	0.3701107916475303	0.1493265050614355	2.478533810827891	0.5500292568753657	0.5029281651569413	0.3881485007139457
9467689	0.0503220611916264	1.8957952468007315	0.736	0.104	0.1466666666666666	0.6266435127759861	0.3023770038695412	0.5409286097691894	0.3317898486197684	0.1610863757791629	2.0597014925373136	0.448	0.5732448866777226	0.3389694041867955
9467707	0.0636887913018174	1.6707647628267184	0.660436137071651	0.2043613707165109	0.1237798546209761	1.105424739195231	0.3393003777303334	0.4437713288008253	0.4199271256859739	0.1691050678753138	2.483232057809164	0.4656282450674974	0.5668911151256364	0.4905558054019734
9467712	0.0633618997020165	1.397597254004577	0.5741888443310245	0.2376959533357637	0.1760845789281808	0.7441124930546651	0.3851747388832577	0.5404587558614955	0.3318207948491932	0.1739240409305177	1.907848926887312	0.5107546481954065	0.5383191573751708	0.40216211221732
9467716	0.0393039549502357	1.8335005015045136	0.597667638483965	0.2532278217409413	0.1395251978342357	0.8741156957654944	0.325085138758061	0.4836138030382399	0.3706638674328154	0.1674807502108527	2.2131729584812696	0.4239900041649312	0.5960437649445692	0.4227344159245678
9467720	0.0326629814603494	2.961327180839376	0.5866606170598911	0.2422867513611615	0.160617059891107	0.938792885973764	0.2136820358719128	0.4699675444966433	0.4496248517398084	0.1419166544504711	3.168231758850596	0.6333938294010889	0.6327824208845901	0.441202187412007
9467722	0.0514685385570563	1.4197457526434596	0.5278188084687346	0.2836041358936484	0.1757754800590842	0.763898096410645	0.3699292401002065	0.5351612984972505	0.3460216411497518	0.1995142140614861	1.7343207489122314	0.5155096011816839	0.5252054674108909	0.4088086971946986
9467764	0.0516342004754447	10.792880258899675	0.2919485053458433	0.6369190486580842	0.0558586078987562	2.0883250868512477	0.0545413283574562	0.2140402663391881	0.4112449613121438	0.1837464671269054	2.2381108477482474	0.5112371808858827	0.5886580261233547	0.4469856577924492
9467809	0.0303880138301959	1.6323616894705533	0.6270543615676359	0.263590391908976	0.0992414664981036	1.1913491707754371	0.339733225545675	0.4285439877064925	0.3221355246304352	0.1224684268821662	2.630355699272433	0.4664981036662453	0.5545675020210186	0.510545524394929
9467814	0.0517509727626459	0.7742565437851172	0.7246564687581022	0.0736323567539538	0.1921182266009852	0.3677206344062063	0.5217453479434424	0.6624044009123843	0.3621758737316798	0.2718530109240757	1.3322488961979158	0.720508166969147	0.4039647498346531	0.2435797665369649
9467816	0.031891495601173	3.0158639416892954	0.5732758620689655	0.3175287356321839	0.0969827586206896	0.8573756728727344	0.2012077641984184	0.4639158724340176	0.3085754683633793	0.2458465889006716	1.2551545650611071	0.3656609195402299	0.6068152408339325	0.3977501832844575
9467839	0.0510235709119891	2.910045836516425	0.4590685565519236	0.4312988140005785	0.102979461961238	2.0496635390010427	0.2484460260972716	0.3114548433279707	0.3103650464267227	0.2896230434125359	1.0716172400158166	0.381255423777842	0.7229893238434164	0.6383776364146238
9467854	0.065943592509825	1.4103839775481566	0.6427110721589249	0.1895997662868828	0.1583406368682442	1.3152567555019037	0.3706382978723404	0.414926408260769	0.2873847039674015	0.2341907408842776	1.2271394799054374	0.4466841951504528	0.5227423167848699	0.5457347615011173
9467865	0.0593559250684066	0.8678868552412645	0.6460992907801418	0.1	0.2432624113475177	0.3918323684872892	0.4909328541088057	0.668996000841928	0.241704907357475	0.2491224143018487	0.9702254533572946	0.7184397163120567	0.4260741708871099	0.2621342875184171
9467879	0.0395780560609844	1.806366918280276	0.6565504807692307	0.2448918269230769	0.0889423076923077	1.4149134895115605	0.3160378581615454	0.3883477826536801	0.3500110305901157	0.1605263048355609	2.180396732788798	0.4104567307692308	0.5708803319071697	0.5494785162985955
9467989	0.0320017595469166	0.1710553174117166	0.6434707903780069	0.0678694158075601	0.2723367697594501	0.4249669639907499	0.8303389830508474	0.6657685645946169	0.461451606764523	0.0748512490009261	6.164915254237288	0.6675257731958762	0.1420338983050847	0.2829296456162538
9536144	0.0219547091617741	17.57856929063155	0.2275280898876404	0.6825842696629213	0.0640449438202247	1.02516058175525	0.0386828607486482	0.3706028911145098	0.3526162651624211	0.3756366150995751	0.9387164376107168	0.5764044943820225	0.6799893480299645	0.3799274754551285
9536152	0.0557495881383855	1.1917083631165115	0.5429472025216706	0.2785657998423956	0.1501182033096926	0.2151329581816175	0.418398779794838	0.7963097199341022	0.2851532405058534	0.2094380868268911	1.3615156862158686	0.6579984239558707	0.4986093249992523	0.1713124656781988
9536154	0.0361826475339732	0.539027466367713	0.4661851608667104	0.4307288246881156	0.0860144451739986	0.866047623425577	0.6254163014899211	0.5168202983939941	0.3013502484285285	0.1633757642577929	1.8445223488168276	0.5121470781352594	0.3371165644171779	0.4475909911622161
9536165	0.044323055176214	1.8290940984838997	0.7	0.1151351351351351	0.1751351351351351	0.7506572205141915	0.3347594480097311	0.5376985553079854	0.3490291505694646	0.1993628016657468	1.7507235434755253	0.5567567567567567	0.6123065307663269	0.4036273030019885
9536170	0.035630648938435	1.6021309406981634	0.7474198804997284	0.1732753938077132	0.0727865290602933	0.3827177584583864	0.35173451021968	0.6990264955776191	0.3475532236908485	0.272821444186594	1.2739219408762543	0.5192829983704509	0.5635247417342637	0.2675298534904875
9536180	0.0342927905758331	2.931477516059957	0.5905092592592592	0.2981481481481481	0.1034722222222222	1.5196064275253205	0.2361955820804936	0.3848333783161605	0.425748932028335	0.2672869464121559	1.5928534398826608	0.3564814814814814	0.6924020382616612	0.5847952752155207
9536188	0.044110703519413	1.865760407816483	0.3030053519967065	0.5866611774392754	0.0798682585426101	0.5514321223156738	0.3261562335467066	0.6283187447789925	0.3325582940277685	0.2179390396357114	1.525923462742816	0.521613832853026	0.6085293873139912	0.3464751389242
9536198	0.0336435218324982	3.0955032119914345	0.5700354609929078	0.3120567375886525	0.1072695035460992	1.022341719480187	0.2321304304602843	0.4659090909090909	0.3531753973855245	0.1059589394625683	3.333134506412168	0.4716312056737589	0.7185604930907645	0.4763183011214507
9536209	0.0390300396389512	10.969094247246025	0.5732639951055368	0.3499541144080759	0.0627103089629856	1.4549395530589817	0.0755432269995376	0.3910883996370409	0.3521689953706234	0.1818953954311711	1.9361072584373555	0.2771489752217803	0.8286407766990291	0.5690099813744687
9536214	0.0569738560417893	1.2081315016278884	0.6287640449438202	0.1707865168539326	0.1892134831460674	0.8420061453067698	0.4183165027903269	0.5166824571735846	0.2451891986915876	0.1890040621056398	1.297269465851714	0.482247191011236	0.5053813446718044	0.4350498041123601
9536231	0.0304631018197282	1.999748068525361	0.5033063923585599	0.3152094048493755	0.1645848640705363	0.406388988085576	0.3027637232717195	0.6894599010676634	0.2887622076150957	0.2542092438549887	1.1359233174849357	0.5260837619397501	0.605451170832168	0.2801889115204691
9536256	0.0601419756269444	1.139153841652525	0.3875392969419834	0.3572449271220348	0.213489568448128	0.4791856499440264	0.4392494537977123	0.6602210419567198	0.3252876647992217	0.2175237903541436	1.495411900783961	0.7033438125178623	0.5003727027374374	0.3163684490967531
9536555	0.0404117023920065	0.5441585535465925	0.6300970873786408	0.1682847896440129	0.1880258899676375	0.6799758857354851	0.6159630669649231	0.5640375083373658	0.4044676956931117	0.2222845233435248	1.8195944981200325	0.6045307443365696	0.3351815715577554	0.3835319043197363
9536265	0.0503604468315396	1.626236149171929	0.583536090835361	0.2323600973236009	0.1759935117599351	0.3829087429733285	0.3273400936037441	0.6829905854963547	0.2722536667815721	0.142556906003625	1.909789391575663	0.5644768856447688	0.5323322932917317	0.2615230665550268
9536273	0.0338704810187699	1.8989496281530325	0.4148253741981468	0.3959372772630078	0.176407697790449	1.6757465907129294	0.3093984248979979	0.349628824913996	0.3747998081777793	0.1907183380233263	1.965200683176772	0.458303635067712	0.587532023911187	0.5858893113645965
9536281	0.0479093882818932	0.7418326693227092	0.6497909893172318	0.1453785415699024	0.1904319554110543	0.5940402623497745	0.5313968751323199	0.5869512005162554	0.382997400605105	0.201278390931947	1.902824236778592	0.5815141662796098	0.3942075623491552	0.3486726451411914
9536303	0.0422295313050628	3.5336186507489584	0.5804357904496986	0.2614742698191933	0.1464997681965693	1.3621366459627329	0.1971709006928406	0.3940052468773248	0.3229820734136394	0.2847513357994246	1.134260081719666	0.4316179879462216	0.6967267720731924	0.5366889854731979
9536313	0.0353704947391985	1.3479536931354963	0.4873417721518987	0.3032700421940928	0.1977848101265822	0.8872681029323758	0.4025202638401207	0.4987687486008507	0.3251703073722012	0.1848540179194293	1.7590654021592886	0.4609704641350211	0.5425786762051652	0.4425416013730319
9536325	0.0432665577140161	0.3330189667819344	0.4435358255451713	0.3652647975077882	0.168613707165109	0.6725811562058933	0.723630665015292	0.5849240981921723	0.3814729833085886	0.2542789014647565	1.5002148472057226	0.5280373831775701	0.2409827363951166	0.3934089262547807
9536328	0.0579889358932639	1.749036499659941	0.510662177328844	0.3348297792742237	0.1309390198279087	0.3791645791583166	0.3194524913093858	0.692830024948476	0.3259140370352039	0.1952585323085842	1.669141077636153	0.5155256266367377	0.558734067207416	0.2626966048378349
9536341	0.0475802376566855	3.384822851538556	0.4494689962315861	0.3747858855772525	0.1572456320657759	0.9603661570097176	0.2063130738295773	0.4914668535754454	0.3741659652846391	0.2411351410692721	1.5516857627032905	0.4864679684823569	0.6983332068695146	0.4719881334659082
9536394	0.0387356781241673	0.6081464086160823	0.4234737747205503	0.4006878761822872	0.1607910576096302	1.2398675647905013	0.5940446411391187	0.4375999200639488	0.3934658253228755	0.1362138218893541	2.888589570906292	0.4337919174548581	0.3612661150663844	0.5425659472422062
9536398	0.0604760753987433	1.3459494282493154	0.5228105228105228	0.3236763236763236	0.1341991341991342	0.667858506612976	0.4011888992989371	0.5801313033671661	0.3816815016372273	0.2379206444372703	1.6042386844570802	0.4358974358974359	0.5399799696313766	0.3874456259062349
9536401	0.0342531318932867	4.245623862204173	0.6310247063588498	0.1996759821790198	0.1551235317942486	1.773890920655112	0.1756919670316152	0.3489962680872907	0.4031601319984339	0.2273337434979585	1.773428465985976	0.4394491697043337	0.7459220076270144	0.6190813113025624
9536642	0.0446660019940179	1.3416694993444374	0.6408730158730159	0.1770833333333333	0.1721230158730158	0.3815490873211642	0.3886645024913181	0.673645729478232	0.2772113648368116	0.3254185655148693	0.8518609391514419	0.5133928571428571	0.5214593084704816	0.2570289132602193
9536423	0.0526606119111881	0.904260157671316	0.7268986157875047	0.0957725402169846	0.1661054994388327	0.4490162071646432	0.4569528395018964	0.6588388266120294	0.3034990373461846	0.3452339667316408	0.8791111726909021	0.6154133931911709	0.4132042466963404	0.2958293110581375
9536442	0.0538201526895506	2.802667418052033	0.6572820790471035	0.1602598808879263	0.1705468327016784	0.3391894671878214	0.2464811556625613	0.7082289177691008	0.2515761076738116	0.3166583585021845	0.7944717103435504	0.6188413643746616	0.6908047041392722	0.2402237892651086
9536452	0.0381736526946107	1.3068753206772703	0.6078431372549019	0.1997264021887825	0.173734610123119	0.4893060426608405	0.3949741615158577	0.6055215151093163	0.2967569968902709	0.2548996311716756	1.164211166278245	0.543547651618787	0.5161819839902726	0.2962853363041359
9536453	0.0409683738217616	1.2813580310613488	0.4552513281569268	0.3105843890478136	0.2047404985696771	0.5872624719347243	0.3907459677419355	0.6114617689899379	0.3071057637924829	0.2550259653452619	1.2042137096774193	0.5234981610134859	0.5006854838709678	0.3590885499506102
9536464	0.0583202416918429	1.0540814847034945	0.6846249481972648	0.1450476585163696	0.1578947368421052	1.1991942703670546	0.4417755572636433	0.4319516616314199	0.4001334584102975	0.1509820798236028	2.6502049705354853	0.5507666804807294	0.4656674353061747	0.5179939577039275
9536479	0.0242079103321293	2.600150550879354	0.6587697423108895	0.2007481296758104	0.1234413965087281	0.9307089166683552	0.2507593307593307	0.4966042519795953	0.4497728260082543	0.2637164216928535	1.7055169455169454	0.5386533665835411	0.652012012012012	0.4621940053728279
9536496	0.0325917175296974	1.074270726714432	0.7104309303262183	0.1244462343938783	0.1550543697140556	1.077671513074244	0.4556238887755399	0.4748703813086565	0.3464765672965413	0.312063123905678	1.110277186744003	0.5529601288763593	0.4894634061033548	0.5117542823390431
9581615	0.0391495981332641	1.7964813840668654	0.5566593083149375	0.2880794701986754	0.1449595290654893	1.5562806533987272	0.3453503158999616	0.3553567827615014	0.3348946248800089	0.2389740819171567	1.4013847116529743	0.3719646799116998	0.6204154134958922	0.553034886065739
9581618	0.054636317081354	1.1584785361806191	0.7288299935358759	0.0817711700064641	0.1822882999353587	0.477922927973382	0.3883424346233423	0.6474950996839075	0.2970218613628734	0.3092795401141323	0.960366991147441	0.7223658694246929	0.4498863751992674	0.30945275388935
9581648	0.0345923996322402	2.091444759206799	0.4191583610188261	0.4141749723145072	0.1428571428571428	1.5081612586037365	0.3131042557343315	0.3895954642966595	0.2481474968035704	0.2679344648772999	0.9261499707296303	0.4928017718715393	0.6548402547409129	0.5875727857799571
9581649	0.0496408956485002	0.5856202445071386	0.3537993920972644	0.541033434650456	0.076595744680851	0.1799933947378078	0.615550585449283	0.8223489649345163	0.24874083303934	0.2852735638741058	0.8719379029075122	0.6534954407294833	0.3604788843573214	0.148017381857686
9581662	0.0425460768307795	4.242522134481933	0.5917706888580675	0.2718446601941747	0.1271382339343504	1.1334838681662252	0.1836115992970123	0.4529790121756918	0.2942327169603843	0.2634487947449141	1.1168497363796133	0.3777161349976884	0.7789762741652021	0.5134444029190188
9581693	0.0278657378087397	1.1264096230265277	0.7132495164410058	0.1382978723404255	0.1378143133462282	0.4312215253233089	0.4598933122592117	0.6595475186288117	0.4679137978865602	0.1276512572192378	3.66556356811222	0.5986460348162476	0.5180282524943198	0.2844110870063197
9581714	0.0258264229387441	2.5191318748365727	0.6334208223972003	0.1303587051618547	0.2195975503062117	0.7220806968526584	0.264099258781824	0.5499243057595409	0.2947008842957596	0.2892739186021734	1.01876064637908	0.6395450568678915	0.6653008609180057	0.3970897259190636
9581724	0.0387465033643305	2.569256916249646	0.6292682926829268	0.1404878048780488	0.2156097560975609	0.4716083753842584	0.2577199172648741	0.6517350873213881	0.2244698814604882	0.3487030233090937	0.6437279474388612	0.704390243902439	0.6621486798880643	0.3073637257125576
9581738	0.0276744952228549	1.2490945422755089	0.532312925170068	0.238095238095238	0.2244897959183673	0.4632259033881752	0.3632363281693016	0.6264884454275897	0.1850203768852973	0.383912710299906	0.4819334497697734	0.4982993197278911	0.4537165150724703	0.2902056760954488
9581764	0.0487212757942321	1.6610764430577225	0.5747422680412371	0.2263745704467354	0.1855670103092783	0.4703228490064954	0.3252018771403204	0.6540747561843372	0.3089826244964208	0.3059045672937022	1.010062148564664	0.5309278350515464	0.540185177355938	0.3076263027918463
9581769	0.0441072819675779	0.622027658939409	0.468040370058873	0.3313708999158957	0.1875525651808242	0.58947432502359	0.5722826396401526	0.609359350076047	0.2920759091820206	0.3805860587575641	0.7674372259864488	0.4781328847771236	0.3559756305870295	0.3592016915828913
9581772	0.0447442478752138	2.8903434467888496	0.5929203539823009	0.2278761061946902	0.1640328697850821	0.9366387310872376	0.2453058294608787	0.502849546759436	0.3700972438843122	0.2770665633864738	1.3357701462087723	0.5625790139064475	0.7090180966413541	0.4709883614045508
9581774	0.0305875263633624	4.30698317584697	0.6331757289204097	0.1808510638297872	0.1753349093774625	2.3766414141414143	0.1775949574328749	0.2863513106357336	0.3863795110593713	0.2275389988358556	1.69808038637852	0.4440504334121355	0.7648984937786509	0.6805543838505574
9581785	0.0369491257219716	5.046724047075355	0.632762312633833	0.123661670235546	0.2291220556745182	0.469052253331337	0.1570764412929214	0.6605546324867474	0.2688777084020295	0.3855158329167243	0.6974491977871894	0.6086723768736617	0.7927214535020073	0.309834638816362
9581790	0.0525341943910314	2.130345394736842	0.5075966850828729	0.2838397790055249	0.1892265193370165	0.7951791004578508	0.261617900172117	0.5388382977179552	0.3138078648359405	0.2116720176696951	1.4825193631669535	0.4330110497237569	0.5573364888123924	0.4284729528716032
9581817	0.0558085354230647	0.9450564971751412	0.5434535104364326	0.2963946869070208	0.1506641366223909	0.7804771371769383	0.4812070957656494	0.5326697024250768	0.3693635197296367	0.2301999561911318	1.6045334058315774	0.3920303605313093	0.4547678923401074	0.4157365244096156
9581827	0.035806862615878	2.597463284379172	0.6696319018404908	0.062883435582822	0.2567484662576687	1.2458710363245094	0.2444295375020396	0.4236303325864417	0.376141823695398	0.2278772304552421	1.6506336457747883	0.6938650306748466	0.6348967492793299	0.5277887614779667
9581874	0.0523190213195557	1.0853043815432335	0.6617480136208853	0.1015891032917139	0.2167990919409761	0.7836838328641608	0.4498517355660212	0.5379476215927311	0.2958700484067927	0.1510977184674989	1.958137100994244	0.656072644721907	0.488226059654631	0.4215808539699507
9581875	0.0573932092004381	0.5811295570201052	0.7385496183206107	0.099236641221374	0.1526717557251908	0.5690880616793157	0.614339893398934	0.6061336254107338	0.2016238856949362	0.1436321744315296	1.403751537515375	0.6310432569974554	0.3570110701107011	0.344943410003651
9581882	0.0241879647189861	1.933363015731671	0.5656502800248911	0.2818917237087741	0.1449906658369633	0.6454852142744189	0.2939619568378803	0.5710888347030314	0.2818884207578631	0.291757358213578	0.9661741608981445	0.3609209707529558	0.5683351753824676	0.3686293988380144
9581889	0.0291254056752933	2.117900244746392	0.6361904761904762	0.139047619047619	0.2152380952380952	0.3979538405767914	0.2996787981486633	0.688663282571912	0.3465042963418619	0.3800292189692624	0.9117833025620272	0.6276190476190476	0.6346897999443587	0.2740561981637125
9581890	0.0542981323164606	1.4935512049740507	0.5618274494997169	0.2518406645270908	0.173116858599207	1.4008155615217062	0.3730519293806429	0.4047194374397769	0.4389302329766843	0.234717935335247	1.870032779343263	0.5427600528601095	0.5571721586443538	0.5669372860159502
9179031	0.0443304548342313	10.146350500185251	0.3312101910828025	0.5621019108280255	0.0902335456475583	1.0364214401249372	0.0647412986639161	0.4218687498529377	0.2878828932572853	0.2823960548954791	1.0194295857420423	0.4835456475583864	0.6568879080812684	0.4372338172662886
9179033	0.0432573644901753	3.544983934309175	0.5479807336050388	0.2812152649129307	0.1615413115968877	1.0150166660939486	0.2018665994018233	0.466407026316633	0.4361691716183152	0.1939951066060818	2.2483514107599727	0.5031493145609485	0.71561385175309	0.4734109048947014
9536812	0.0345764443618799	0.6744952268311227	0.7414372061786434	0.0799194089993284	0.1699126930826058	0.4576182320248873	0.5536482694106641	0.6643368010403121	0.3282442166241091	0.1629635275734593	2.01421889616464	0.6064472800537274	0.3734331150608045	0.3040126323611369
9179052	0.0456951174058889	1.291500162004536	0.5736813485589994	0.2653616095704187	0.1576943991299619	1.0815358067299397	0.3978259001460857	0.4607777363647658	0.3344469098252349	0.1934132781531251	1.7291827790667698	0.5312669929309407	0.5137922144882702	0.4983476208224624
9179053	0.0327261599909809	1.356635491890612	0.7283464566929134	0.0649606299212598	0.1968503937007874	0.414522330671399	0.3857606064757729	0.6534280330482679	0.364061189908004	0.2567794970419405	1.417796958487464	0.5255905511811023	0.5233365301182811	0.2708605111851959
9179075	0.0569059788422679	1.2818213578665425	0.5655352480417755	0.2642297650130548	0.1582245430809399	0.7200885863987468	0.3929617426322533	0.5501307500297159	0.2750739753796858	0.1786198891595416	1.539996339007871	0.4819843342036553	0.5037067545304778	0.3961428741233805
9179076	0.030998029027056	3.083535334700727	0.5166184971098265	0.2752890173410404	0.1929190751445086	0.9236343871727511	0.2331941907991999	0.4944902347249597	0.4004771856808417	0.2062841407518365	1.941386207496304	0.5252890173410405	0.7190625271762762	0.456728184913098
9179092	0.0311294721383962	4.095945798273413	0.6443753240020736	0.1658890616899948	0.1814411612234318	0.8488053758088602	0.1916319393545955	0.5187277099101134	0.3520572227209199	0.2713022827729612	1.2976566917261745	0.4074650077760497	0.7849140368144409	0.4402988687527232
9179105	0.0533197904415695	0.8972243060765192	0.6496891918989373	0.2263886103870062	0.1116903950270703	0.7366467986925591	0.4792942693480794	0.5560782636587192	0.3749614134116958	0.3233415785021588	1.1596449029186402	0.4130739923801885	0.4300344682222828	0.4096332727467123
9179106	0.0398561305891575	1.8446182242082767	0.5931353644427304	0.1488623216351716	0.2448900887003471	0.7014540019024323	0.3152302062439711	0.5655635653791174	0.3532052813307563	0.3545733892158353	0.9961415381788672	0.6378711916698805	0.5814793832585629	0.3967168262653899
9179114	0.080813189036108	1.150497042909274	0.6996245306633292	0.1239048811013767	0.1681268251981643	0.5067344478800901	0.4355833264819534	0.6433026533158019	0.2501391489146384	0.3077214997723018	0.8128751130477678	0.5978306216103463	0.5011373290580723	0.3259836148477799
9179124	0.0306981550712744	2.0630795350659525	0.69009900990099	0.0707920792079207	0.2262376237623762	0.6802730565617163	0.2975325432290654	0.5454241512416036	0.4139974707914158	0.1619133903348999	2.5569069360792693	0.7306930693069307	0.6138333009520108	0.3710373544877055
9179129	0.0735592690926128	0.4859047996302898	0.6319886765746638	0.075725406935598	0.2807265864590705	0.6630348361259165	0.6225135623869801	0.5892897426553525	0.3336942800560529	0.1408966148215919	2.3683626500082195	0.6888417079499882	0.3024823277987835	0.3907196279521752
9581943	0.0380328246915478	2.865620094191523	0.6968165740272865	0.1369378473976756	0.1561394643759474	0.889971939152267	0.2443890274314214	0.5205058231156552	0.3555400677817864	0.1780980102765934	1.9963169000575485	0.584133400707428	0.7003261078074046	0.4632355767382865
9581944	0.0582856705625801	0.4330045910559428	0.7518871020676074	0.1076468657696094	0.129307515589104	0.4120274319963116	0.6331144364301863	0.6638483463090843	0.3959119068175277	0.1406976568061677	2.8139196899558616	0.6590088611749262	0.2741414576380665	0.2735237293647302
9581946	0.0366913421306726	0.8331649931673697	0.6864035087719298	0.0910087719298245	0.2149122807017544	0.5892010215249909	0.5187068540433925	0.6065135178628902	0.3906118632481319	0.2549600446305798	1.5320512820512822	0.6036184210526315	0.4321683925049309	0.3573583842935307
9581952	0.0503665252007996	2.052862557350888	0.5222841225626741	0.3081476323119777	0.1591225626740947	1.7653211474993653	0.3180433955081842	0.3453930062081302	0.4380646549075041	0.1210896687357876	3.617688110645857	0.4766713091922006	0.6528993782514909	0.6097295780575918
9581957	0.0414913510986442	2.289776164549304	0.4877263581488933	0.3235412474849095	0.1786720321931589	1.2485087923154388	0.2928773919206237	0.4310759366860349	0.3822885483222376	0.2161527315899327	1.7686038270729978	0.5175050301810865	0.670623671155209	0.5382020971081279
9581959	0.0556009811937857	1.3864500306560392	0.6294117647058823	0.238235294117647	0.1176470588235294	0.5189456342668863	0.3914462631402102	0.6121286454074679	0.2467549936108682	0.2802205931804425	0.880574089185427	0.4848039215686274	0.5427206835309365	0.3176614881439084
9581962	0.0423688182544615	1.6535637149028075	0.5402347024308466	0.2296730930427493	0.2183570829840737	0.8435829363203259	0.2954916777289901	0.488271330906508	0.3481112422963041	0.2421417665494241	1.4376340243030736	0.5892707460184409	0.4886143163484121	0.4118973630471455
9581978	0.0441464256935651	0.8836908409942118	0.5358539765319427	0.2907431551499348	0.1629726205997392	0.5802527796255821	0.5048994326972667	0.6056751467710372	0.1779977051061388	0.2979776247848537	0.597352587244284	0.5684485006518905	0.446175004297748	0.3514446874640267
9591423	0.0560689557722198	0.9133300262206788	0.5481350806451613	0.219758064516129	0.2225302419354838	0.6397478680014831	0.4667262022888139	0.5716405256464604	0.4108396175481983	0.1755168149915533	2.3407422107561024	0.5675403225806451	0.4262750545743203	0.3657058075455701
9467619	0.0689767510735969	0.9293401965372016	0.6852726492056677	0.1640188922284242	0.1389008158007728	0.5701126923173456	0.4681475639677532	0.5900044424700134	0.3722979044804754	0.1258304068097493	2.958727655099895	0.5787891799055389	0.435068349106204	0.3363690211757737
9467727	0.0515395210378993	0.8122771075195386	0.6448275862068965	0.1258620689655172	0.2159482758620689	0.3540920001315227	0.4538223140495868	0.6756342471231173	0.2464994277515839	0.1590248229863153	1.550068870523416	0.7594827586206897	0.368629476584022	0.23923668192118
9467729	0.057882798348537	1.9496395136123963	0.5886664787144066	0.1939667324499577	0.1993233718635466	0.5689849572367517	0.3037821581510901	0.5934006755984922	0.3444478794862426	0.171951322334954	2.0031708672485373	0.6670425711869186	0.5922656990618156	0.3376360580296675
9536224	0.0469781931464174	0.9716271696272508	0.5216622458001768	0.3527851458885941	0.1175950486295313	0.6330553985302431	0.4589225086744021	0.5878296988577363	0.1862467508354994	0.414701695754425	0.4491101742342275	0.4969053934571176	0.4459015781815468	0.372128764278297
9536225	0.0315240545550114	0.9416437519095632	0.3040807371654234	0.6086002632733655	0.0618692408951294	0.5656867961337235	0.4643650981319461	0.6239521952029214	0.4191029409207116	0.1225818420030493	3.418964294159376	0.6533567354102676	0.4372664932608182	0.3529615182449442
9536347	0.0521155511567487	0.2860982529490817	0.6433234421364985	0.0818991097922848	0.2640949554896142	0.3805646279808509	0.7697701149425288	0.6912965483112705	0.3401363406833866	0.0915249957919542	3.71632183908046	0.6997032640949555	0.2202298850574712	0.2630830137325251
9581694	0.030014245714005	2.841313269493844	0.5490998363338789	0.2667757774140752	0.1718494271685761	0.9460971142899568	0.250965582353446	0.496217517315911	0.4688338457640976	0.1341647378542393	3.4944639945069094	0.4689034369885433	0.7130718393270964	0.4694699611927101
9581697	0.0354803415888713	3.0637549465044702	0.526231477773328	0.3348017621145374	0.1265518622346816	2.678263585259213	0.222762741192987	0.2274890944484703	0.4260624772974936	0.185428017919845	2.297724378856639	0.4265118141770124	0.6824904502269091	0.609275757704932
9581796	0.0396620785084844	0.7202930626574067	0.6419390378259273	0.1020932794711715	0.2467866323907455	0.2969799637829312	0.5162048588312541	0.7480445706794844	0.3356999310557275	0.3723479680998274	0.9015758371634932	0.676827029012119	0.3718187787261983	0.2221542495084116
9581861	0.0289002308117421	1.6494434192511458	0.6226096737907761	0.2480314960629921	0.1203599550056243	3.057164219684611	0.3556548249142567	0.23913396833653	0.3055187243319478	0.2345644066365726	1.3024939662107804	0.3785151856017997	0.5866325104797392	0.7310718117096323
9581864	0.0287670198575491	7.064452156668319	0.5564304461942258	0.2747156605424322	0.153105861767279	1.3334740906074682	0.1194940608430344	0.4172098759217779	0.3173308841146873	0.2696190400127785	1.1769602180159364	0.4286964129483814	0.8441600758316301	0.5563385598872473
9179038	0.0578413912314703	2.516372124041347	0.5175458455965587	0.2902422458682364	0.182476794204211	0.5960648148148148	0.276344403081346	0.5996542873605364	0.3594293487214003	0.255399865385792	1.407320039806863	0.5297713380122255	0.695385352548745	0.3574328217484678
9179102	0.0345456245325355	3.66251012145749	0.550744248985115	0.2943166441136671	0.142083897158322	1.0805810397553517	0.2078984580162952	0.4585826477187734	0.3042525956478452	0.2112217323282605	1.4404417210962224	0.3910690121786198	0.7614302067200862	0.4955357142857143
